-1 1 1.73115
-0.75 1 1.50253
-0.5 1 1.33515
-0.25 1 1.25427
0 1 1.29706
0.25 1 1.48505
0.5 1 1.76165
0.75 1 2.05986
1 1 2.33444

-1 0.75 1.4688
-0.75 0.75 1.25858
-0.5 0.75 1.13242
-0.25 0.75 1.10206
0 0.75 1.17772
0.25 0.75 1.3513
0.5 0.75 1.59306
0.75 0.75 1.86063
1 0.75 2.12052

-1 0.5 1.13105
-0.75 0.5 0.933003
-0.5 0.5 0.834496
-0.25 0.5 0.839263
0 0.5 0.946112
0.25 0.5 1.14668
0.5 0.5 1.40309
0.75 0.5 1.67624
1 0.5 1.93622

-1 0.25 0.688166
-0.75 0.25 0.504137
-0.5 0.25 0.446379
-0.25 0.25 0.46013
0 0.25 0.614787
0.25 0.25 0.876947
0.5 0.25 1.21039
0.75 0.25 1.50949
1 0.25 1.7765

-1 0 -3.17693e-020
-0.75 0 3.51224e-018
-0.5 0 1.08824e-017
-0.25 0 1.41967e-018
0 0 -8.56425e-017
0.25 0 0.649165
0.5 0 1.04535
0.75 0 1.37616
1 0 1.65197

-1 -0.25 0
-0.75 -0.25 0
-0.5 -0.25 0
-0.25 -0.25 0
0 -0.25 2.0064e-016
0.25 -0.25 0.503371
0.5 -0.25 0.94247
0.75 -0.25 1.29483
1 -0.25 1.5783

-1 -0.5 0
-0.75 -0.5 0
-0.5 -0.5 0
-0.25 -0.5 0
0 -0.5 1.50288e-016
0.25 -0.5 0.477129
0.5 -0.5 0.912854
0.75 -0.5 1.2809
1 -0.5 1.57063

-1 -0.75 0
-0.75 -0.75 0
-0.5 -0.75 0
-0.25 -0.75 0
0 -0.75 2.00268e-016
0.25 -0.75 0.499719
0.5 -0.75 0.958616
0.75 -0.75 1.3458
1 -0.75 1.64368

-1 -1 0
-0.75 -1 0
-0.5 -1 0
-0.25 -1 0
0 -1 5.44551e-017
0.25 -1 0.571482
0.5 -1 1.07767
0.75 -1 1.50337
1 -1 1.81869

